14010
00010
14010
0000F
00501
00001
14501
0000E
0F100
00063
00501
00100
14510
00010
00501
00001
14510
0000F
14501
0000E
0F100
00063
00501
00200
14510
00010
00501
00002
14510
0000F
00501
00001
14501
0000E
0F100
00063
00501
00300
14510
00010
00501
00003
14510
0000F
00501
00001
14501
0000E
0F100
00063
00DD1
FFFFE
119D1
00000
11AD1
00001
00900
00A01
0007F
0C19A
0004E
10519
00000
10619
00100
04556
10619
00200
04556
10619
00300
04556
11519
00400
00991
00001
09100
0003B
00501
00400
14510
00010
00501
00004
14510
0000F
00501
00002
14501
0000E
0F100
00063
10AD1
00001
109D1
00000
00DD1
00002
15000
13510
00011
09F05
09100
00063
